{
 "cells": [
  {
   "cell_type": "code",
   "execution_count": 1,
   "id": "7e3b3d76",
   "metadata": {},
   "outputs": [],
   "source": [
    "from transformers import BertForSequenceClassification"
   ]
  },
  {
   "cell_type": "code",
   "execution_count": 3,
   "id": "9144654e",
   "metadata": {
    "scrolled": true
   },
   "outputs": [
    {
     "data": {
      "application/vnd.jupyter.widget-view+json": {
       "model_id": "d0bcfb73a171455fb60c3018358a2ac8",
       "version_major": 2,
       "version_minor": 0
      },
      "text/plain": [
       "HBox(children=(FloatProgress(value=0.0, description='Downloading', max=570.0, style=ProgressStyle(description_…"
      ]
     },
     "metadata": {},
     "output_type": "display_data"
    },
    {
     "name": "stdout",
     "output_type": "stream",
     "text": [
      "\n"
     ]
    },
    {
     "data": {
      "application/vnd.jupyter.widget-view+json": {
       "model_id": "dedc3685651d42828a3a1033b1854a20",
       "version_major": 2,
       "version_minor": 0
      },
      "text/plain": [
       "HBox(children=(FloatProgress(value=0.0, description='Downloading', max=440473133.0, style=ProgressStyle(descri…"
      ]
     },
     "metadata": {},
     "output_type": "display_data"
    },
    {
     "name": "stdout",
     "output_type": "stream",
     "text": [
      "\n"
     ]
    },
    {
     "name": "stderr",
     "output_type": "stream",
     "text": [
      "Some weights of the model checkpoint at bert-base-uncased were not used when initializing BertForSequenceClassification: ['cls.predictions.bias', 'cls.predictions.transform.dense.weight', 'cls.predictions.transform.dense.bias', 'cls.predictions.transform.LayerNorm.weight', 'cls.seq_relationship.bias', 'cls.predictions.decoder.weight', 'cls.predictions.transform.LayerNorm.bias', 'cls.seq_relationship.weight']\n",
      "- This IS expected if you are initializing BertForSequenceClassification from the checkpoint of a model trained on another task or with another architecture (e.g. initializing a BertForSequenceClassification model from a BertForPreTraining model).\n",
      "- This IS NOT expected if you are initializing BertForSequenceClassification from the checkpoint of a model that you expect to be exactly identical (initializing a BertForSequenceClassification model from a BertForSequenceClassification model).\n",
      "Some weights of BertForSequenceClassification were not initialized from the model checkpoint at bert-base-uncased and are newly initialized: ['classifier.bias', 'classifier.weight']\n",
      "You should probably TRAIN this model on a down-stream task to be able to use it for predictions and inference.\n"
     ]
    }
   ],
   "source": [
    "aa = BertForSequenceClassification.from_pretrained('bert-base-uncased')"
   ]
  },
  {
   "cell_type": "code",
   "execution_count": 14,
   "id": "6077262c",
   "metadata": {},
   "outputs": [
    {
     "data": {
      "text/plain": [
       "BertEncoder(\n",
       "  (layer): ModuleList(\n",
       "    (0): BertLayer(\n",
       "      (attention): BertAttention(\n",
       "        (self): BertSelfAttention(\n",
       "          (query): Linear(in_features=768, out_features=768, bias=True)\n",
       "          (key): Linear(in_features=768, out_features=768, bias=True)\n",
       "          (value): Linear(in_features=768, out_features=768, bias=True)\n",
       "          (dropout): Dropout(p=0.1, inplace=False)\n",
       "        )\n",
       "        (output): BertSelfOutput(\n",
       "          (dense): Linear(in_features=768, out_features=768, bias=True)\n",
       "          (LayerNorm): LayerNorm((768,), eps=1e-12, elementwise_affine=True)\n",
       "          (dropout): Dropout(p=0.1, inplace=False)\n",
       "        )\n",
       "      )\n",
       "      (intermediate): BertIntermediate(\n",
       "        (dense): Linear(in_features=768, out_features=3072, bias=True)\n",
       "      )\n",
       "      (output): BertOutput(\n",
       "        (dense): Linear(in_features=3072, out_features=768, bias=True)\n",
       "        (LayerNorm): LayerNorm((768,), eps=1e-12, elementwise_affine=True)\n",
       "        (dropout): Dropout(p=0.1, inplace=False)\n",
       "      )\n",
       "    )\n",
       "    (1): BertLayer(\n",
       "      (attention): BertAttention(\n",
       "        (self): BertSelfAttention(\n",
       "          (query): Linear(in_features=768, out_features=768, bias=True)\n",
       "          (key): Linear(in_features=768, out_features=768, bias=True)\n",
       "          (value): Linear(in_features=768, out_features=768, bias=True)\n",
       "          (dropout): Dropout(p=0.1, inplace=False)\n",
       "        )\n",
       "        (output): BertSelfOutput(\n",
       "          (dense): Linear(in_features=768, out_features=768, bias=True)\n",
       "          (LayerNorm): LayerNorm((768,), eps=1e-12, elementwise_affine=True)\n",
       "          (dropout): Dropout(p=0.1, inplace=False)\n",
       "        )\n",
       "      )\n",
       "      (intermediate): BertIntermediate(\n",
       "        (dense): Linear(in_features=768, out_features=3072, bias=True)\n",
       "      )\n",
       "      (output): BertOutput(\n",
       "        (dense): Linear(in_features=3072, out_features=768, bias=True)\n",
       "        (LayerNorm): LayerNorm((768,), eps=1e-12, elementwise_affine=True)\n",
       "        (dropout): Dropout(p=0.1, inplace=False)\n",
       "      )\n",
       "    )\n",
       "    (2): BertLayer(\n",
       "      (attention): BertAttention(\n",
       "        (self): BertSelfAttention(\n",
       "          (query): Linear(in_features=768, out_features=768, bias=True)\n",
       "          (key): Linear(in_features=768, out_features=768, bias=True)\n",
       "          (value): Linear(in_features=768, out_features=768, bias=True)\n",
       "          (dropout): Dropout(p=0.1, inplace=False)\n",
       "        )\n",
       "        (output): BertSelfOutput(\n",
       "          (dense): Linear(in_features=768, out_features=768, bias=True)\n",
       "          (LayerNorm): LayerNorm((768,), eps=1e-12, elementwise_affine=True)\n",
       "          (dropout): Dropout(p=0.1, inplace=False)\n",
       "        )\n",
       "      )\n",
       "      (intermediate): BertIntermediate(\n",
       "        (dense): Linear(in_features=768, out_features=3072, bias=True)\n",
       "      )\n",
       "      (output): BertOutput(\n",
       "        (dense): Linear(in_features=3072, out_features=768, bias=True)\n",
       "        (LayerNorm): LayerNorm((768,), eps=1e-12, elementwise_affine=True)\n",
       "        (dropout): Dropout(p=0.1, inplace=False)\n",
       "      )\n",
       "    )\n",
       "    (3): BertLayer(\n",
       "      (attention): BertAttention(\n",
       "        (self): BertSelfAttention(\n",
       "          (query): Linear(in_features=768, out_features=768, bias=True)\n",
       "          (key): Linear(in_features=768, out_features=768, bias=True)\n",
       "          (value): Linear(in_features=768, out_features=768, bias=True)\n",
       "          (dropout): Dropout(p=0.1, inplace=False)\n",
       "        )\n",
       "        (output): BertSelfOutput(\n",
       "          (dense): Linear(in_features=768, out_features=768, bias=True)\n",
       "          (LayerNorm): LayerNorm((768,), eps=1e-12, elementwise_affine=True)\n",
       "          (dropout): Dropout(p=0.1, inplace=False)\n",
       "        )\n",
       "      )\n",
       "      (intermediate): BertIntermediate(\n",
       "        (dense): Linear(in_features=768, out_features=3072, bias=True)\n",
       "      )\n",
       "      (output): BertOutput(\n",
       "        (dense): Linear(in_features=3072, out_features=768, bias=True)\n",
       "        (LayerNorm): LayerNorm((768,), eps=1e-12, elementwise_affine=True)\n",
       "        (dropout): Dropout(p=0.1, inplace=False)\n",
       "      )\n",
       "    )\n",
       "    (4): BertLayer(\n",
       "      (attention): BertAttention(\n",
       "        (self): BertSelfAttention(\n",
       "          (query): Linear(in_features=768, out_features=768, bias=True)\n",
       "          (key): Linear(in_features=768, out_features=768, bias=True)\n",
       "          (value): Linear(in_features=768, out_features=768, bias=True)\n",
       "          (dropout): Dropout(p=0.1, inplace=False)\n",
       "        )\n",
       "        (output): BertSelfOutput(\n",
       "          (dense): Linear(in_features=768, out_features=768, bias=True)\n",
       "          (LayerNorm): LayerNorm((768,), eps=1e-12, elementwise_affine=True)\n",
       "          (dropout): Dropout(p=0.1, inplace=False)\n",
       "        )\n",
       "      )\n",
       "      (intermediate): BertIntermediate(\n",
       "        (dense): Linear(in_features=768, out_features=3072, bias=True)\n",
       "      )\n",
       "      (output): BertOutput(\n",
       "        (dense): Linear(in_features=3072, out_features=768, bias=True)\n",
       "        (LayerNorm): LayerNorm((768,), eps=1e-12, elementwise_affine=True)\n",
       "        (dropout): Dropout(p=0.1, inplace=False)\n",
       "      )\n",
       "    )\n",
       "    (5): BertLayer(\n",
       "      (attention): BertAttention(\n",
       "        (self): BertSelfAttention(\n",
       "          (query): Linear(in_features=768, out_features=768, bias=True)\n",
       "          (key): Linear(in_features=768, out_features=768, bias=True)\n",
       "          (value): Linear(in_features=768, out_features=768, bias=True)\n",
       "          (dropout): Dropout(p=0.1, inplace=False)\n",
       "        )\n",
       "        (output): BertSelfOutput(\n",
       "          (dense): Linear(in_features=768, out_features=768, bias=True)\n",
       "          (LayerNorm): LayerNorm((768,), eps=1e-12, elementwise_affine=True)\n",
       "          (dropout): Dropout(p=0.1, inplace=False)\n",
       "        )\n",
       "      )\n",
       "      (intermediate): BertIntermediate(\n",
       "        (dense): Linear(in_features=768, out_features=3072, bias=True)\n",
       "      )\n",
       "      (output): BertOutput(\n",
       "        (dense): Linear(in_features=3072, out_features=768, bias=True)\n",
       "        (LayerNorm): LayerNorm((768,), eps=1e-12, elementwise_affine=True)\n",
       "        (dropout): Dropout(p=0.1, inplace=False)\n",
       "      )\n",
       "    )\n",
       "    (6): BertLayer(\n",
       "      (attention): BertAttention(\n",
       "        (self): BertSelfAttention(\n",
       "          (query): Linear(in_features=768, out_features=768, bias=True)\n",
       "          (key): Linear(in_features=768, out_features=768, bias=True)\n",
       "          (value): Linear(in_features=768, out_features=768, bias=True)\n",
       "          (dropout): Dropout(p=0.1, inplace=False)\n",
       "        )\n",
       "        (output): BertSelfOutput(\n",
       "          (dense): Linear(in_features=768, out_features=768, bias=True)\n",
       "          (LayerNorm): LayerNorm((768,), eps=1e-12, elementwise_affine=True)\n",
       "          (dropout): Dropout(p=0.1, inplace=False)\n",
       "        )\n",
       "      )\n",
       "      (intermediate): BertIntermediate(\n",
       "        (dense): Linear(in_features=768, out_features=3072, bias=True)\n",
       "      )\n",
       "      (output): BertOutput(\n",
       "        (dense): Linear(in_features=3072, out_features=768, bias=True)\n",
       "        (LayerNorm): LayerNorm((768,), eps=1e-12, elementwise_affine=True)\n",
       "        (dropout): Dropout(p=0.1, inplace=False)\n",
       "      )\n",
       "    )\n",
       "    (7): BertLayer(\n",
       "      (attention): BertAttention(\n",
       "        (self): BertSelfAttention(\n",
       "          (query): Linear(in_features=768, out_features=768, bias=True)\n",
       "          (key): Linear(in_features=768, out_features=768, bias=True)\n",
       "          (value): Linear(in_features=768, out_features=768, bias=True)\n",
       "          (dropout): Dropout(p=0.1, inplace=False)\n",
       "        )\n",
       "        (output): BertSelfOutput(\n",
       "          (dense): Linear(in_features=768, out_features=768, bias=True)\n",
       "          (LayerNorm): LayerNorm((768,), eps=1e-12, elementwise_affine=True)\n",
       "          (dropout): Dropout(p=0.1, inplace=False)\n",
       "        )\n",
       "      )\n",
       "      (intermediate): BertIntermediate(\n",
       "        (dense): Linear(in_features=768, out_features=3072, bias=True)\n",
       "      )\n",
       "      (output): BertOutput(\n",
       "        (dense): Linear(in_features=3072, out_features=768, bias=True)\n",
       "        (LayerNorm): LayerNorm((768,), eps=1e-12, elementwise_affine=True)\n",
       "        (dropout): Dropout(p=0.1, inplace=False)\n",
       "      )\n",
       "    )\n",
       "    (8): BertLayer(\n",
       "      (attention): BertAttention(\n",
       "        (self): BertSelfAttention(\n",
       "          (query): Linear(in_features=768, out_features=768, bias=True)\n",
       "          (key): Linear(in_features=768, out_features=768, bias=True)\n",
       "          (value): Linear(in_features=768, out_features=768, bias=True)\n",
       "          (dropout): Dropout(p=0.1, inplace=False)\n",
       "        )\n",
       "        (output): BertSelfOutput(\n",
       "          (dense): Linear(in_features=768, out_features=768, bias=True)\n",
       "          (LayerNorm): LayerNorm((768,), eps=1e-12, elementwise_affine=True)\n",
       "          (dropout): Dropout(p=0.1, inplace=False)\n",
       "        )\n",
       "      )\n",
       "      (intermediate): BertIntermediate(\n",
       "        (dense): Linear(in_features=768, out_features=3072, bias=True)\n",
       "      )\n",
       "      (output): BertOutput(\n",
       "        (dense): Linear(in_features=3072, out_features=768, bias=True)\n",
       "        (LayerNorm): LayerNorm((768,), eps=1e-12, elementwise_affine=True)\n",
       "        (dropout): Dropout(p=0.1, inplace=False)\n",
       "      )\n",
       "    )\n",
       "    (9): BertLayer(\n",
       "      (attention): BertAttention(\n",
       "        (self): BertSelfAttention(\n",
       "          (query): Linear(in_features=768, out_features=768, bias=True)\n",
       "          (key): Linear(in_features=768, out_features=768, bias=True)\n",
       "          (value): Linear(in_features=768, out_features=768, bias=True)\n",
       "          (dropout): Dropout(p=0.1, inplace=False)\n",
       "        )\n",
       "        (output): BertSelfOutput(\n",
       "          (dense): Linear(in_features=768, out_features=768, bias=True)\n",
       "          (LayerNorm): LayerNorm((768,), eps=1e-12, elementwise_affine=True)\n",
       "          (dropout): Dropout(p=0.1, inplace=False)\n",
       "        )\n",
       "      )\n",
       "      (intermediate): BertIntermediate(\n",
       "        (dense): Linear(in_features=768, out_features=3072, bias=True)\n",
       "      )\n",
       "      (output): BertOutput(\n",
       "        (dense): Linear(in_features=3072, out_features=768, bias=True)\n",
       "        (LayerNorm): LayerNorm((768,), eps=1e-12, elementwise_affine=True)\n",
       "        (dropout): Dropout(p=0.1, inplace=False)\n",
       "      )\n",
       "    )\n",
       "    (10): BertLayer(\n",
       "      (attention): BertAttention(\n",
       "        (self): BertSelfAttention(\n",
       "          (query): Linear(in_features=768, out_features=768, bias=True)\n",
       "          (key): Linear(in_features=768, out_features=768, bias=True)\n",
       "          (value): Linear(in_features=768, out_features=768, bias=True)\n",
       "          (dropout): Dropout(p=0.1, inplace=False)\n",
       "        )\n",
       "        (output): BertSelfOutput(\n",
       "          (dense): Linear(in_features=768, out_features=768, bias=True)\n",
       "          (LayerNorm): LayerNorm((768,), eps=1e-12, elementwise_affine=True)\n",
       "          (dropout): Dropout(p=0.1, inplace=False)\n",
       "        )\n",
       "      )\n",
       "      (intermediate): BertIntermediate(\n",
       "        (dense): Linear(in_features=768, out_features=3072, bias=True)\n",
       "      )\n",
       "      (output): BertOutput(\n",
       "        (dense): Linear(in_features=3072, out_features=768, bias=True)\n",
       "        (LayerNorm): LayerNorm((768,), eps=1e-12, elementwise_affine=True)\n",
       "        (dropout): Dropout(p=0.1, inplace=False)\n",
       "      )\n",
       "    )\n",
       "    (11): BertLayer(\n",
       "      (attention): BertAttention(\n",
       "        (self): BertSelfAttention(\n",
       "          (query): Linear(in_features=768, out_features=768, bias=True)\n",
       "          (key): Linear(in_features=768, out_features=768, bias=True)\n",
       "          (value): Linear(in_features=768, out_features=768, bias=True)\n",
       "          (dropout): Dropout(p=0.1, inplace=False)\n",
       "        )\n",
       "        (output): BertSelfOutput(\n",
       "          (dense): Linear(in_features=768, out_features=768, bias=True)\n",
       "          (LayerNorm): LayerNorm((768,), eps=1e-12, elementwise_affine=True)\n",
       "          (dropout): Dropout(p=0.1, inplace=False)\n",
       "        )\n",
       "      )\n",
       "      (intermediate): BertIntermediate(\n",
       "        (dense): Linear(in_features=768, out_features=3072, bias=True)\n",
       "      )\n",
       "      (output): BertOutput(\n",
       "        (dense): Linear(in_features=3072, out_features=768, bias=True)\n",
       "        (LayerNorm): LayerNorm((768,), eps=1e-12, elementwise_affine=True)\n",
       "        (dropout): Dropout(p=0.1, inplace=False)\n",
       "      )\n",
       "    )\n",
       "  )\n",
       ")"
      ]
     },
     "execution_count": 14,
     "metadata": {},
     "output_type": "execute_result"
    }
   ],
   "source": [
    "aa.bert.encoder"
   ]
  },
  {
   "cell_type": "code",
   "execution_count": null,
   "id": "0176437b",
   "metadata": {},
   "outputs": [],
   "source": []
  },
  {
   "cell_type": "code",
   "execution_count": 25,
   "id": "1f2b46f3",
   "metadata": {},
   "outputs": [
    {
     "name": "stderr",
     "output_type": "stream",
     "text": [
      "Some weights of the model checkpoint at bert-base-uncased were not used when initializing BertForSequenceClassification: ['cls.predictions.bias', 'cls.predictions.transform.dense.weight', 'cls.predictions.transform.dense.bias', 'cls.predictions.transform.LayerNorm.weight', 'cls.seq_relationship.bias', 'cls.predictions.decoder.weight', 'cls.predictions.transform.LayerNorm.bias', 'cls.seq_relationship.weight']\n",
      "- This IS expected if you are initializing BertForSequenceClassification from the checkpoint of a model trained on another task or with another architecture (e.g. initializing a BertForSequenceClassification model from a BertForPreTraining model).\n",
      "- This IS NOT expected if you are initializing BertForSequenceClassification from the checkpoint of a model that you expect to be exactly identical (initializing a BertForSequenceClassification model from a BertForSequenceClassification model).\n",
      "Some weights of BertForSequenceClassification were not initialized from the model checkpoint at bert-base-uncased and are newly initialized: ['classifier.bias', 'classifier.weight']\n",
      "You should probably TRAIN this model on a down-stream task to be able to use it for predictions and inference.\n"
     ]
    }
   ],
   "source": [
    "from transformers import BertTokenizer, BertForSequenceClassification\n",
    "import torch\n",
    "\n",
    "tokenizer = BertTokenizer.from_pretrained('bert-base-uncased')\n",
    "model = BertForSequenceClassification.from_pretrained('bert-base-uncased')\n",
    "\n",
    "inputs = tokenizer(\"Hello, my dog is cute\", return_tensors=\"pt\")\n",
    "labels = torch.tensor([1]).unsqueeze(0)  # Batch size 1\n",
    "outputs = model(**inputs, labels=labels)\n",
    "loss = outputs.loss\n",
    "logits = outputs.logits"
   ]
  },
  {
   "cell_type": "code",
   "execution_count": 26,
   "id": "b613701a",
   "metadata": {},
   "outputs": [
    {
     "name": "stdout",
     "output_type": "stream",
     "text": [
      "tensor(1.1395, grad_fn=<NllLossBackward>)\n",
      "tensor([[ 0.4396, -0.3142]], grad_fn=<AddmmBackward>)\n",
      "{'input_ids': tensor([[  101,  7592,  1010,  2026,  3899,  2003, 10140,   102]]), 'token_type_ids': tensor([[0, 0, 0, 0, 0, 0, 0, 0]]), 'attention_mask': tensor([[1, 1, 1, 1, 1, 1, 1, 1]])}\n",
      "SequenceClassifierOutput(loss=tensor(1.1395, grad_fn=<NllLossBackward>), logits=tensor([[ 0.4396, -0.3142]], grad_fn=<AddmmBackward>), hidden_states=None, attentions=None)\n"
     ]
    }
   ],
   "source": [
    "print(loss)\n",
    "print(logits)\n",
    "print(inputs)\n",
    "print(outputs)"
   ]
  },
  {
   "cell_type": "code",
   "execution_count": 27,
   "id": "aaaea4e6",
   "metadata": {},
   "outputs": [],
   "source": [
    "inputs[\"output_attentions\"] = True"
   ]
  },
  {
   "cell_type": "code",
   "execution_count": 28,
   "id": "7a9d7baf",
   "metadata": {},
   "outputs": [
    {
     "data": {
      "text/plain": [
       "{'input_ids': tensor([[  101,  7592,  1010,  2026,  3899,  2003, 10140,   102]]), 'token_type_ids': tensor([[0, 0, 0, 0, 0, 0, 0, 0]]), 'attention_mask': tensor([[1, 1, 1, 1, 1, 1, 1, 1]]), 'output_attentions': True}"
      ]
     },
     "execution_count": 28,
     "metadata": {},
     "output_type": "execute_result"
    }
   ],
   "source": [
    "inputs"
   ]
  },
  {
   "cell_type": "code",
   "execution_count": 29,
   "id": "7e03a5e2",
   "metadata": {},
   "outputs": [],
   "source": [
    "outputs = model(**inputs, labels=labels)"
   ]
  },
  {
   "cell_type": "code",
   "execution_count": 33,
   "id": "42f81d5e",
   "metadata": {},
   "outputs": [
    {
     "name": "stdout",
     "output_type": "stream",
     "text": [
      "12\n",
      "(tensor([[[[9.0296e-02, 6.9243e-02, 7.3392e-02, 8.9108e-02, 8.0291e-02,\n",
      "           7.6057e-02, 8.2084e-02, 4.3953e-01],\n",
      "          [1.0125e-01, 1.2449e-01, 5.4100e-02, 1.9214e-01, 1.4682e-01,\n",
      "           7.9260e-02, 1.4916e-01, 1.5278e-01],\n",
      "          [1.1432e-01, 1.2739e-01, 9.8221e-02, 1.0652e-01, 1.2987e-01,\n",
      "           1.3673e-01, 1.3251e-01, 1.5444e-01],\n",
      "          [1.2933e-01, 1.3602e-01, 1.0787e-01, 1.9477e-01, 7.4443e-02,\n",
      "           1.0373e-01, 9.9448e-02, 1.5438e-01],\n",
      "          [9.1956e-02, 1.3686e-01, 6.7371e-02, 1.2035e-01, 1.3754e-01,\n",
      "           8.1651e-02, 3.0727e-01, 5.7016e-02],\n",
      "          [1.7998e-01, 1.0882e-01, 1.5925e-01, 1.8181e-01, 9.0457e-02,\n",
      "           1.4357e-01, 8.2150e-02, 5.3962e-02],\n",
      "          [9.3204e-02, 1.2712e-01, 1.0409e-01, 1.9596e-01, 1.4126e-01,\n",
      "           9.9544e-02, 1.4478e-01, 9.4043e-02],\n",
      "          [1.2596e-01, 7.3092e-02, 1.8062e-01, 1.4630e-01, 7.9516e-02,\n",
      "           9.8920e-02, 9.6309e-02, 1.9929e-01]],\n",
      "\n",
      "         [[4.3272e-01, 1.1681e-03, 5.4133e-01, 4.3953e-03, 5.1537e-03,\n",
      "           6.7835e-03, 4.5784e-03, 3.8750e-03],\n",
      "          [6.1346e-02, 2.2237e-01, 3.2960e-02, 2.1766e-02, 3.2078e-01,\n",
      "           1.2432e-02, 2.2738e-01, 1.0097e-01],\n",
      "          [3.4917e-03, 1.8644e-01, 6.6764e-02, 1.7778e-01, 3.9232e-02,\n",
      "           4.5608e-01, 5.1288e-02, 1.8927e-02],\n",
      "          [7.9554e-03, 2.9543e-01, 2.9443e-03, 1.2119e-02, 2.5502e-01,\n",
      "           5.9841e-03, 4.0186e-01, 1.8686e-02],\n",
      "          [2.0227e-02, 2.6699e-01, 2.5651e-02, 5.4618e-02, 1.0867e-01,\n",
      "           5.9583e-02, 3.7195e-01, 9.2309e-02],\n",
      "          [8.8453e-03, 4.4625e-01, 8.2513e-03, 4.6830e-02, 1.5450e-01,\n",
      "           2.5889e-02, 2.8039e-01, 2.9037e-02],\n",
      "          [4.2386e-02, 4.6192e-01, 3.1491e-02, 4.6517e-02, 2.1588e-01,\n",
      "           4.6171e-02, 1.0187e-01, 5.3756e-02],\n",
      "          [4.3039e-02, 3.8915e-02, 5.8443e-01, 8.4569e-02, 3.2553e-02,\n",
      "           1.4555e-01, 2.7510e-02, 4.3434e-02]],\n",
      "\n",
      "         [[8.2024e-01, 1.8173e-02, 2.7897e-02, 2.5842e-02, 7.2995e-03,\n",
      "           2.4807e-02, 1.2799e-02, 6.2946e-02],\n",
      "          [9.0957e-01, 1.8062e-03, 1.4976e-02, 3.3582e-02, 2.6087e-02,\n",
      "           9.7422e-03, 2.5776e-03, 1.6569e-03],\n",
      "          [3.7691e-01, 4.1189e-01, 1.2226e-01, 2.7440e-02, 6.8926e-03,\n",
      "           1.7385e-02, 1.4035e-02, 2.3192e-02],\n",
      "          [3.1639e-01, 9.6872e-02, 4.6007e-01, 3.3091e-02, 2.4176e-03,\n",
      "           8.3448e-03, 2.8454e-03, 7.9977e-02],\n",
      "          [3.1975e-01, 5.9200e-03, 4.6228e-02, 5.1555e-01, 5.2467e-02,\n",
      "           1.2548e-02, 3.7381e-02, 1.0153e-02],\n",
      "          [4.8780e-01, 1.3024e-02, 2.4805e-02, 1.6312e-01, 1.6031e-01,\n",
      "           3.8140e-02, 9.6450e-03, 1.0315e-01],\n",
      "          [7.3695e-01, 1.1997e-02, 1.2633e-02, 1.4026e-02, 5.1801e-02,\n",
      "           1.1780e-01, 1.0952e-02, 4.3840e-02],\n",
      "          [3.3655e-01, 1.6879e-02, 5.4135e-03, 1.8991e-02, 1.5409e-03,\n",
      "           6.2660e-02, 4.4762e-01, 1.1035e-01]],\n",
      "\n",
      "         [[7.3592e-01, 3.9216e-02, 4.1846e-02, 5.3009e-02, 3.2361e-02,\n",
      "           2.0792e-02, 3.6653e-02, 4.0205e-02],\n",
      "          [8.1993e-01, 7.7644e-02, 1.8544e-02, 4.5561e-02, 2.2995e-02,\n",
      "           8.1688e-03, 2.3502e-03, 4.8073e-03],\n",
      "          [3.5175e-03, 8.6099e-01, 8.9519e-02, 1.5492e-02, 1.0058e-02,\n",
      "           8.1555e-03, 6.5429e-03, 5.7296e-03],\n",
      "          [2.9825e-02, 4.0329e-01, 4.4861e-01, 7.8474e-02, 1.2437e-02,\n",
      "           8.9192e-03, 3.7736e-03, 1.4672e-02],\n",
      "          [4.7427e-02, 1.2420e-01, 1.5937e-01, 5.8769e-01, 4.5169e-02,\n",
      "           1.3790e-02, 1.6924e-02, 5.4234e-03],\n",
      "          [3.5123e-03, 5.2277e-02, 7.4819e-02, 5.6024e-01, 2.4361e-01,\n",
      "           3.8126e-02, 1.5584e-02, 1.1837e-02],\n",
      "          [9.6589e-02, 3.0564e-02, 1.8868e-02, 8.6820e-02, 3.1631e-01,\n",
      "           3.8206e-01, 5.6225e-02, 1.2569e-02],\n",
      "          [1.0122e-01, 2.2365e-02, 6.8369e-03, 2.8903e-02, 6.9627e-02,\n",
      "           4.4223e-01, 2.7840e-01, 5.0422e-02]],\n",
      "\n",
      "         [[6.7414e-01, 5.3643e-02, 2.4064e-02, 2.5647e-02, 3.8456e-02,\n",
      "           3.7293e-02, 6.9586e-02, 7.7174e-02],\n",
      "          [4.3047e-01, 7.2091e-02, 1.1694e-01, 5.6336e-02, 5.6191e-02,\n",
      "           1.0236e-01, 6.3851e-02, 1.0176e-01],\n",
      "          [7.2706e-02, 1.5682e-01, 9.5722e-02, 6.7190e-02, 8.9884e-02,\n",
      "           1.5532e-01, 2.1662e-01, 1.4573e-01],\n",
      "          [1.2753e-01, 1.8505e-01, 6.0857e-02, 8.7084e-02, 1.9838e-01,\n",
      "           1.5625e-01, 1.0645e-01, 7.8396e-02],\n",
      "          [1.5420e-01, 1.0769e-01, 1.0946e-01, 1.5750e-01, 5.3428e-02,\n",
      "           8.8405e-02, 1.3458e-01, 1.9474e-01],\n",
      "          [6.2090e-02, 1.2518e-01, 5.7662e-02, 1.0811e-01, 7.4943e-02,\n",
      "           3.8689e-01, 1.3650e-01, 4.8620e-02],\n",
      "          [6.8809e-01, 4.8014e-02, 2.6723e-02, 2.8869e-02, 3.9128e-02,\n",
      "           1.2471e-01, 1.1077e-02, 3.3386e-02],\n",
      "          [3.2475e-02, 3.9416e-03, 7.1162e-03, 1.2871e-02, 7.4322e-03,\n",
      "           1.0328e-02, 1.2865e-02, 9.1297e-01]],\n",
      "\n",
      "         [[9.7094e-02, 6.5707e-03, 7.5278e-01, 2.8316e-02, 1.9386e-02,\n",
      "           1.6372e-02, 4.6780e-02, 3.2699e-02],\n",
      "          [1.8213e-01, 1.0927e-01, 2.2467e-02, 7.8476e-02, 1.7037e-01,\n",
      "           3.8773e-02, 2.9581e-01, 1.0271e-01],\n",
      "          [3.5286e-01, 3.4363e-02, 1.8642e-01, 4.6097e-02, 7.6123e-02,\n",
      "           4.6903e-02, 1.2121e-01, 1.3602e-01],\n",
      "          [2.3916e-01, 1.1896e-01, 4.2977e-02, 4.0940e-02, 1.7992e-01,\n",
      "           7.2981e-02, 1.3469e-01, 1.7038e-01],\n",
      "          [6.4207e-02, 2.1776e-01, 4.6554e-02, 2.1873e-02, 6.7488e-02,\n",
      "           6.3201e-02, 3.8541e-01, 1.3350e-01],\n",
      "          [1.0970e-01, 1.5166e-01, 9.2983e-02, 7.3850e-02, 1.4515e-01,\n",
      "           3.2396e-02, 1.7284e-01, 2.2141e-01],\n",
      "          [2.5095e-01, 8.0406e-02, 3.7840e-02, 7.5516e-02, 1.7121e-01,\n",
      "           4.3352e-02, 1.0290e-01, 2.3783e-01],\n",
      "          [3.0777e-01, 1.9284e-02, 2.9331e-01, 7.1225e-02, 5.3517e-02,\n",
      "           5.2703e-02, 8.5245e-02, 1.1694e-01]],\n",
      "\n",
      "         [[9.0078e-01, 6.8725e-03, 7.4816e-03, 2.1446e-02, 1.0365e-02,\n",
      "           2.6188e-02, 1.4257e-02, 1.2609e-02],\n",
      "          [4.4469e-02, 2.8876e-01, 3.4741e-02, 9.3090e-02, 6.5687e-02,\n",
      "           7.9758e-02, 3.1425e-01, 7.9240e-02],\n",
      "          [6.1240e-02, 2.2905e-01, 1.4640e-01, 1.2217e-01, 8.1069e-02,\n",
      "           1.0839e-01, 1.6237e-01, 8.9308e-02],\n",
      "          [2.9549e-02, 2.8960e-01, 1.9992e-02, 8.0912e-02, 2.2382e-01,\n",
      "           5.4949e-02, 2.4971e-01, 5.1459e-02],\n",
      "          [8.8845e-02, 1.2160e-01, 2.6456e-02, 1.5264e-01, 4.1194e-01,\n",
      "           1.7429e-02, 1.1846e-01, 6.2632e-02],\n",
      "          [2.3571e-02, 3.9866e-01, 2.3802e-02, 1.2379e-01, 1.1413e-01,\n",
      "           3.4198e-02, 2.6862e-01, 1.3221e-02],\n",
      "          [4.8509e-02, 1.6801e-01, 2.5160e-02, 7.2087e-02, 7.7309e-02,\n",
      "           3.9034e-02, 4.4154e-01, 1.2834e-01],\n",
      "          [9.7834e-02, 1.1627e-01, 1.6768e-01, 1.1768e-01, 7.5977e-02,\n",
      "           6.0354e-02, 7.0698e-02, 2.9350e-01]],\n",
      "\n",
      "         [[5.9433e-01, 1.1372e-02, 5.2863e-02, 3.5759e-03, 2.5265e-02,\n",
      "           3.7159e-02, 1.1131e-02, 2.6430e-01],\n",
      "          [5.7019e-01, 1.7483e-02, 5.0305e-02, 6.7362e-02, 1.4022e-01,\n",
      "           3.4194e-02, 5.7882e-02, 6.2364e-02],\n",
      "          [2.5739e-01, 3.0460e-02, 1.7693e-01, 1.1294e-01, 1.2193e-02,\n",
      "           5.3368e-02, 8.9785e-03, 3.4774e-01],\n",
      "          [1.5402e-01, 1.6771e-01, 1.0778e-01, 9.7519e-02, 5.9876e-02,\n",
      "           8.5840e-02, 6.0967e-02, 2.6629e-01],\n",
      "          [3.1871e-01, 1.2271e-01, 5.2942e-02, 6.8430e-02, 1.1993e-01,\n",
      "           3.7867e-02, 2.6253e-01, 1.6888e-02],\n",
      "          [1.4630e-01, 1.4245e-01, 6.0888e-02, 2.5811e-01, 1.6738e-02,\n",
      "           2.2787e-01, 3.0960e-02, 1.1669e-01],\n",
      "          [3.0000e-02, 1.4620e-01, 8.8835e-02, 4.4881e-02, 1.5378e-01,\n",
      "           9.3269e-02, 1.1524e-01, 3.2780e-01],\n",
      "          [3.7132e-01, 5.1360e-02, 2.4345e-01, 1.4679e-01, 3.4135e-02,\n",
      "           6.2628e-02, 3.2075e-02, 5.8242e-02]],\n",
      "\n",
      "         [[8.2566e-01, 1.3274e-02, 1.8250e-02, 5.2490e-02, 2.9917e-02,\n",
      "           1.1195e-02, 3.3300e-02, 1.5917e-02],\n",
      "          [1.8658e-02, 1.1788e-01, 1.6529e-02, 1.3597e-01, 3.8263e-01,\n",
      "           2.6936e-02, 2.5029e-01, 5.1115e-02],\n",
      "          [5.6052e-03, 1.2107e-01, 1.2783e-01, 7.0740e-02, 1.2222e-01,\n",
      "           1.5831e-01, 1.7043e-01, 2.2379e-01],\n",
      "          [6.8375e-03, 1.5117e-01, 3.2968e-02, 7.8880e-02, 2.2534e-01,\n",
      "           9.0425e-02, 1.8890e-01, 2.2548e-01],\n",
      "          [1.3975e-02, 1.7111e-01, 4.0022e-02, 1.0560e-01, 6.8553e-02,\n",
      "           6.3296e-02, 3.3612e-01, 2.0132e-01],\n",
      "          [2.7272e-03, 2.1489e-01, 2.4846e-02, 1.4037e-01, 1.1738e-01,\n",
      "           4.3171e-02, 1.6167e-01, 2.9494e-01],\n",
      "          [2.4470e-02, 2.0109e-01, 2.8477e-02, 9.1571e-02, 3.4418e-01,\n",
      "           6.4485e-02, 1.2322e-01, 1.2251e-01],\n",
      "          [1.5916e-01, 1.0895e-01, 3.9217e-02, 2.3995e-01, 9.8934e-02,\n",
      "           1.0767e-01, 1.6996e-01, 7.6156e-02]],\n",
      "\n",
      "         [[9.3092e-02, 5.1898e-02, 5.3910e-01, 1.1604e-01, 2.4971e-02,\n",
      "           4.0437e-02, 1.1362e-01, 2.0848e-02],\n",
      "          [1.8036e-01, 1.6492e-01, 1.8621e-02, 4.9652e-02, 1.5896e-01,\n",
      "           2.5243e-02, 2.6621e-01, 1.3604e-01],\n",
      "          [4.6577e-01, 4.9604e-02, 8.5785e-02, 2.3945e-02, 1.1845e-01,\n",
      "           7.5121e-02, 7.0703e-02, 1.1062e-01],\n",
      "          [1.0446e-01, 6.9886e-02, 1.4165e-02, 4.6130e-01, 6.2037e-02,\n",
      "           1.1339e-01, 8.7156e-02, 8.7609e-02],\n",
      "          [2.4391e-01, 3.3642e-02, 2.5754e-02, 1.5791e-02, 2.8888e-01,\n",
      "           1.7329e-02, 2.0257e-01, 1.7213e-01],\n",
      "          [5.4923e-01, 9.9094e-02, 5.6903e-02, 6.9519e-02, 4.1910e-02,\n",
      "           4.5757e-02, 2.4891e-02, 1.1270e-01],\n",
      "          [9.6553e-02, 1.6642e-01, 2.9669e-02, 1.4177e-01, 9.8600e-02,\n",
      "           4.6189e-02, 3.9316e-01, 2.7638e-02],\n",
      "          [4.4484e-01, 8.3482e-02, 2.6378e-01, 4.5996e-02, 3.8409e-02,\n",
      "           6.6816e-02, 3.4935e-02, 2.1741e-02]],\n",
      "\n",
      "         [[8.6517e-01, 1.4421e-02, 1.8549e-02, 3.1573e-02, 9.3825e-03,\n",
      "           1.5725e-02, 1.6396e-02, 2.8780e-02],\n",
      "          [1.4021e-01, 5.3605e-02, 5.2902e-01, 1.0068e-01, 9.8779e-02,\n",
      "           2.1097e-02, 7.9060e-03, 4.8704e-02],\n",
      "          [5.7716e-03, 8.3185e-02, 1.2644e-01, 5.7896e-01, 1.1683e-01,\n",
      "           3.4887e-02, 3.6242e-02, 1.7684e-02],\n",
      "          [1.3834e-03, 2.8754e-02, 8.3539e-03, 6.7854e-03, 9.1811e-01,\n",
      "           1.9787e-02, 4.4471e-03, 1.2376e-02],\n",
      "          [9.6367e-02, 3.3165e-02, 2.3042e-02, 9.6278e-02, 3.6085e-02,\n",
      "           3.1654e-01, 3.5277e-01, 4.5749e-02],\n",
      "          [2.2069e-04, 2.5971e-03, 3.2838e-03, 3.5621e-03, 3.0678e-02,\n",
      "           1.1249e-02, 8.6605e-01, 8.2354e-02],\n",
      "          [3.9684e-02, 1.6567e-03, 3.7904e-03, 2.5005e-03, 2.0667e-02,\n",
      "           1.3006e-02, 1.4938e-02, 9.0376e-01],\n",
      "          [3.0720e-01, 1.7320e-03, 7.3622e-03, 3.0315e-02, 2.9975e-02,\n",
      "           5.8084e-02, 1.2818e-01, 4.3716e-01]],\n",
      "\n",
      "         [[9.3048e-01, 5.1977e-03, 1.8658e-06, 1.5798e-02, 1.4628e-03,\n",
      "           2.8136e-03, 6.1401e-03, 3.8109e-02],\n",
      "          [4.2695e-01, 8.7142e-03, 4.5396e-02, 1.2866e-01, 1.9664e-01,\n",
      "           2.5211e-02, 8.3013e-02, 8.5419e-02],\n",
      "          [5.1182e-01, 2.3224e-01, 1.1207e-03, 6.7297e-02, 2.4638e-02,\n",
      "           1.2107e-02, 8.9413e-02, 6.1370e-02],\n",
      "          [4.3719e-01, 1.4436e-01, 3.1013e-02, 4.1005e-02, 2.3550e-02,\n",
      "           3.3960e-02, 9.9603e-02, 1.8932e-01],\n",
      "          [4.7181e-02, 7.1552e-02, 3.2634e-02, 1.3174e-01, 7.8241e-02,\n",
      "           2.3505e-02, 4.9490e-01, 1.2024e-01],\n",
      "          [7.5250e-02, 3.2156e-01, 9.0267e-03, 8.4388e-02, 8.2576e-02,\n",
      "           1.5387e-02, 3.7878e-01, 3.3028e-02],\n",
      "          [3.4628e-01, 1.6186e-02, 2.4954e-03, 3.3718e-02, 1.3660e-01,\n",
      "           1.8865e-02, 9.1811e-02, 3.5405e-01],\n",
      "          [6.8418e-01, 1.4936e-02, 4.2601e-04, 5.7012e-02, 1.7318e-02,\n",
      "           2.0814e-02, 4.7916e-02, 1.5740e-01]]]], grad_fn=<SoftmaxBackward>), tensor([[[[2.0861e-01, 5.8641e-02, 4.5520e-01, 3.0164e-02, 1.0014e-01,\n",
      "           2.5296e-02, 7.8114e-02, 4.3826e-02],\n",
      "          [3.3131e-01, 1.9908e-02, 8.6600e-02, 2.6405e-02, 8.1393e-02,\n",
      "           1.1073e-02, 1.3092e-01, 3.1239e-01],\n",
      "          [7.0468e-01, 1.7482e-02, 4.8562e-02, 2.6771e-02, 6.6881e-02,\n",
      "           9.1324e-03, 7.7952e-02, 4.8542e-02],\n",
      "          [1.6089e-01, 3.1312e-02, 5.4582e-02, 2.5347e-02, 3.2491e-02,\n",
      "           4.3844e-01, 7.2966e-02, 1.8398e-01],\n",
      "          [4.4950e-01, 4.7355e-02, 1.2157e-01, 4.5989e-02, 2.6333e-02,\n",
      "           3.3070e-03, 6.1572e-02, 2.4437e-01],\n",
      "          [2.9014e-01, 9.0708e-02, 3.1272e-02, 6.7063e-02, 3.1036e-02,\n",
      "           1.6567e-01, 8.2582e-02, 2.4153e-01],\n",
      "          [5.3058e-01, 3.4016e-02, 1.2479e-01, 1.8836e-02, 6.6740e-02,\n",
      "           1.2873e-02, 5.0552e-02, 1.6162e-01],\n",
      "          [4.5776e-01, 5.2840e-02, 1.8277e-01, 2.2997e-02, 1.0417e-01,\n",
      "           3.1993e-02, 8.9430e-02, 5.8040e-02]],\n",
      "\n",
      "         [[4.9474e-01, 6.7756e-02, 1.1002e-01, 4.0842e-02, 2.4774e-02,\n",
      "           6.1257e-02, 4.2855e-02, 1.5775e-01],\n",
      "          [4.8934e-01, 1.9776e-02, 4.3376e-01, 1.6197e-02, 1.1769e-03,\n",
      "           9.1919e-03, 1.1943e-03, 2.9372e-02],\n",
      "          [3.2714e-01, 3.2596e-02, 8.4517e-02, 5.0021e-01, 1.0184e-02,\n",
      "           2.5557e-02, 9.3686e-03, 1.0425e-02],\n",
      "          [4.9173e-02, 1.1792e-02, 4.8905e-02, 1.6439e-02, 5.4504e-01,\n",
      "           2.8501e-01, 1.1946e-03, 4.2450e-02],\n",
      "          [2.2115e-01, 3.3761e-02, 1.6696e-02, 5.2199e-02, 1.8407e-02,\n",
      "           5.9169e-01, 1.8839e-02, 4.7251e-02],\n",
      "          [9.8177e-02, 1.1386e-02, 1.2014e-02, 1.9344e-02, 1.3526e-03,\n",
      "           8.7547e-02, 5.6823e-01, 2.0195e-01],\n",
      "          [1.1513e-01, 1.9749e-03, 3.4478e-03, 1.2092e-03, 4.9905e-03,\n",
      "           9.5683e-03, 9.5193e-03, 8.5416e-01],\n",
      "          [8.9749e-01, 1.9797e-04, 2.1763e-03, 1.9693e-03, 1.8927e-04,\n",
      "           4.2574e-03, 2.5955e-03, 9.1120e-02]],\n",
      "\n",
      "         [[8.8219e-01, 1.5210e-02, 1.6251e-02, 1.9501e-02, 1.3130e-02,\n",
      "           7.1755e-03, 9.3859e-03, 3.7152e-02],\n",
      "          [8.2367e-01, 4.5931e-03, 9.1266e-03, 2.1773e-02, 6.0979e-03,\n",
      "           9.2924e-03, 3.2005e-03, 1.2225e-01],\n",
      "          [5.1121e-01, 6.2129e-02, 1.5789e-02, 8.9561e-02, 1.9315e-02,\n",
      "           3.5711e-02, 1.6019e-02, 2.5027e-01],\n",
      "          [4.1190e-01, 5.1125e-02, 1.2109e-02, 3.6299e-02, 2.0734e-02,\n",
      "           1.0943e-01, 1.2847e-02, 3.4556e-01],\n",
      "          [8.3444e-01, 1.4160e-02, 7.0509e-03, 1.5769e-02, 9.5004e-03,\n",
      "           3.2416e-02, 6.3851e-03, 8.0283e-02],\n",
      "          [5.7831e-01, 3.9265e-02, 6.8804e-03, 2.1543e-01, 2.9578e-02,\n",
      "           1.9136e-02, 5.4111e-03, 1.0599e-01],\n",
      "          [8.3960e-01, 2.7138e-02, 3.2726e-03, 2.2913e-02, 4.3014e-03,\n",
      "           1.7054e-02, 9.1904e-04, 8.4801e-02],\n",
      "          [7.9111e-01, 2.6516e-02, 6.3769e-03, 6.1226e-02, 1.3677e-02,\n",
      "           7.2569e-03, 8.9083e-03, 8.4928e-02]],\n",
      "\n",
      "         [[8.1774e-01, 2.0997e-03, 8.4045e-02, 1.5159e-02, 3.8279e-03,\n",
      "           1.0279e-02, 4.5004e-03, 6.2351e-02],\n",
      "          [6.1139e-01, 1.4984e-03, 1.4026e-01, 1.4017e-02, 3.1236e-02,\n",
      "           1.8149e-02, 1.4884e-02, 1.6856e-01],\n",
      "          [9.5429e-01, 1.0247e-03, 1.0085e-02, 2.9604e-03, 2.1602e-03,\n",
      "           2.5150e-03, 2.8006e-03, 2.4169e-02],\n",
      "          [1.9074e-01, 2.5718e-02, 1.6232e-01, 5.0969e-02, 1.0821e-01,\n",
      "           9.2330e-02, 7.4756e-02, 2.9496e-01],\n",
